24.33
6.68
5.33
4.57
4.63
4.67
4.39
5.00
4.83
6.14
5.89
4.64
5.38
5.14
5.27
20.03
4.16
5.22
4.75
4.80
4.72
4.29
4.09
4.73
4.45
5.21
4.66
4.60
4.74
4.34
5.28
4.87
4.53
4.70
4.96
4.81
6.50
4.17
4.67
4.95
3.97
4.41
6.16
4.86
4.38
4.87
4.90
4.37
4.06
5.15
4.44
4.85
4.81
4.98
4.83
5.25
4.97
5.27
5.38
5.25
5.44
4.85
4.63
5.17
4.82
4.48
4.69
4.68
8.33
4.63
5.12
4.01
4.67
4.46
3.90
3.89
4.81
4.44
4.05
3.72
4.70
4.74
5.65
5.54
49.72
4.65
4.90
4.74
7.46
5.49
4.96
5.10
4.74
4.56
4.28
5.17
4.89
119.19
4.15
5.24
5.11
4.23
5.15
6.77
4.69
39.71
4.95
5.08
4.54
4.73
4.32
5.29
4.74
4.67
4.58
4.61
4.61
4.44
5.86
4.57
4.87
4.95
4.45
5.02
6.25
5.31
5.12
5.19
4.97
5.81
5.18
4.79
5.82
5.18
4.10
4.88
6.70
4.27
4.55
4.31
4.75
4.90
30.77
4.76
5.26
5.04
4.42
3.78
4.41
81.14
4.80
5.52
5.60
4.64
5.67
4.53
4.87
6.03
4.83
4.43
4.82
4.90
4.85
5.08
5.26
5.08
5.25
5.00
5.23
6.75
4.86
4.27
5.80
4.82
5.32
6.01
7.08
4.78
4.83
5.25
4.68
4.73
4.61
7.09
5.02
4.24
5.25
5.33
4.92
6.44
4.65
4.93
4.72
4.99
4.59
5.98
4.81
4.95
22.79
5.63
4.69
4.76
4.69
5.24
4.30
4.20
4.77
4.78
5.03
5.30
4.73
4.28
5.00
4.17
5.03
4.82
4.70
5.00
4.55
4.33
4.20
4.86
4.74
4.50
4.62
4.57
4.34
4.51
5.46
7.30
4.22
4.57
5.99
4.20
4.93
4.77
5.12
5.03
4.78
5.39
5.04
5.44
5.43
5.22
5.43
4.68
4.83
4.61
4.27
4.69
5.25
4.35
4.00
4.62
4.87
4.41
4.19
4.83
4.33
4.69
5.06
4.91
4.91
5.90
5.09
5.02
5.78
9.33
5.68
4.95
5.46
6.90
4.82
9.39
4.32
4.34
5.28
5.15
5.12
4.79
5.16
5.05
4.76
5.33
23.17
5.15
4.61
5.33
5.03
4.06
6.10
5.26
5.16
4.89
5.39
5.35
5.15
5.03
4.61
5.02
4.40
4.66
5.06
5.58
5.49
5.29
5.18
5.56
4.54
5.04
6.93
5.12
4.78
80.97
5.20
4.71
4.88
4.62
5.18
4.47
4.96
5.08
4.63
4.94
4.61
4.75
5.86
4.89
46.35
99.20
5.12
4.95
5.10
5.16
5.84
8.38
5.06
5.48
5.20
4.52
5.34
4.95
6.91
4.75
5.57
4.26
4.36
117.79
4.25
3.93
4.50
4.75
4.70
4.55
5.35
5.01
5.26
4.72
5.44
45.50
5.05
5.36
4.68
5.65
5.35
4.84
5.30
4.61
4.65
4.16
4.24
4.28
5.03
6.18
5.50
5.63
6.43
5.80
5.13
5.99
4.77
5.27
5.46
22.96
9.78
4.71
5.14
4.98
4.77
5.23
6.14
6.20
4.82
4.94
43.65
7.77
5.57
4.80
5.43
5.41
5.24
5.69
5.29
5.11
5.41
5.42
4.94
4.64
4.91
5.12
5.04
7.60
5.98
5.05
5.29
4.65
43.55
4.73
50.49
4.93
5.24
5.70
3.91
4.25
4.20
4.26
4.54
4.55
4.57
4.59
4.33
4.30
4.75
5.05
5.04
5.10
4.69
5.42
5.25
5.99
5.81
5.40
5.65
6.06
4.67
5.70
4.96
5.16
5.11
5.65
5.02
5.88
5.25
5.43
4.84
4.45
4.75
4.07
4.51
3.92
46.03
5.71
5.37
5.22
5.42
5.24
5.20
4.93
4.64
4.59
4.67
4.32
4.87
4.07
4.35
4.24
4.28
5.00
4.58
5.08
4.60
4.99
4.99
5.73
5.87
43.10
5.44
5.93
4.63
4.70
5.12
7.07
5.32
4.84
4.47
4.64
4.65
4.83
4.67
4.81
4.63
4.85
5.57
5.56
5.11
4.72
4.77
4.81
4.68
5.66
5.14
5.27
5.05
12.60
5.08
5.22
4.42
4.62
4.88
4.54
5.11
4.63
5.14
4.71
4.64
4.62
4.55
3.96
4.47
4.71
4.76
5.13
5.63
5.04
60.39
81.11
4.54
4.81
4.96
4.43
5.17
8.41
5.91
5.18
6.83
5.47
5.66
4.72
7.06
4.28
4.66
4.21
4.65
4.69
4.56
4.30
4.41
4.62
4.56
5.01
5.46
5.39
5.45
5.29
12.20
7.29
5.59
4.93
5.21
5.20
4.67
5.17
4.16
5.38
5.69
5.22
5.79
5.00
5.09
6.02
5.20
5.97
4.77
5.52
5.05
5.75
5.02
5.45
5.70
5.29
5.00
5.09
5.52
5.03
4.92
5.39
6.28
5.46
5.67
6.14
5.55
5.60
4.98
4.35
4.50
4.28
4.47
5.87
20.26
5.03
5.10
4.68
4.86
4.77
4.32
4.82
5.00
5.51
5.06
5.18
5.19
4.99
5.58
6.03
5.63
5.85
5.85
5.08
5.00
4.93
40.13
5.20
4.67
5.42
5.65
5.53
5.42
5.70
5.17
5.26
4.83
5.06
5.73
5.07
5.11
5.96
5.65
4.90
5.29
4.54
4.49
5.25
4.92
5.26
5.96
4.66
4.56
4.80
4.95
5.13
5.78
5.69
6.27
5.98
5.71
5.25
4.96
5.37
4.84
4.99
4.99
4.63
4.79
4.61
4.70
5.43
5.34
4.32
4.47
5.11
4.66
4.83
5.21
43.43
4.90
4.63
4.80
4.80
7.66
5.38
5.21
5.30
5.65
5.62
4.91
5.52
5.11
5.64
5.92
5.66
5.18
40.37
41.22
4.87
7.10
5.25
81.44
4.27
5.47
4.65
4.84
4.92
4.84
4.80
5.00
4.77
4.64
7.72
5.42
5.27
4.99
5.45
4.54
4.43
4.96
4.75
4.79
4.99
6.34
12.42
4.87
5.08
6.62
4.74
5.45
5.08
5.31
5.44
5.26
5.67
4.86
4.93
4.23
4.75
3.99
11.94
4.54
4.77
5.13
5.10
4.45
4.75
4.52
4.84
4.59
5.62
5.18
4.57
13.66
5.18
19.82
7.20
4.20
4.61
4.66
4.90
9.16
5.30
5.51
5.41
5.49
5.64
5.09
5.82
5.47
45.52
5.22
4.87
5.72
4.85
12.27
4.99
5.73
5.24
5.71
5.49
4.92
5.18
4.67
5.13
5.08
5.04
12.40
5.40
4.99
5.33
61.22
7.94
6.60
9.82
5.20
5.91
43.38
4.85
4.93
5.06
5.50
5.01
5.43
4.84
4.67
4.75
4.77
4.39
4.71
5.15
5.61
4.94
5.17
5.29
5.74
50.56
5.28
5.86
4.74
4.58
4.81
5.11
5.13
5.10
4.52
4.85
7.08
4.15
4.96
4.01
4.69
4.69
4.95
4.44
4.83
4.82
4.43
5.24
4.17
43.04
5.00
5.58
5.34
4.93
4.91
4.87
4.78
5.09
7.69
5.80
5.25
4.89
4.94
5.19
5.56
46.06
5.73
5.51
5.55
5.85
5.59
6.22
5.20
5.49
6.79
5.51
5.65
5.70
5.61
5.12
5.35
5.06
4.67
4.95
5.04
5.14
5.80
5.75
5.35
4.89
5.57
4.82
4.38
4.73
4.35
4.86
4.44
4.84
4.76
5.08
4.40
14.49
5.25
5.49
5.28
5.15
5.31
5.82
5.71
5.42
23.42
4.90
4.64
5.34
4.99
5.60
5.34
22.99
4.94
4.90
4.78
4.96
4.24
4.77
5.12
5.32
4.67
4.93
5.17
5.53
4.97
4.83
5.40
4.92
7.30
5.18
5.05
5.49
5.41
4.73
4.59
5.58
43.48
5.61
15.56
4.89
5.35
4.24
4.94
5.36
4.98
12.38
5.44
6.06
6.29
5.27
5.57
4.94
4.95
4.46
3.96
4.46
4.22
4.40
4.21
4.24
3.83
3.86
3.95
4.18
4.19
4.11
4.36
4.15
4.36
12.42
5.04
4.49
5.28
4.93
4.43
4.74
4.51
4.79
5.52
5.51
5.94
6.26
5.96
5.04
5.19
4.53
4.42
4.63
6.93
6.73
4.22
7.64
5.27
5.43
4.77
4.57
5.16
5.62
6.09
4.68
4.94
5.02
4.87
5.59
5.64
6.90
6.14
5.84
5.03
4.95
5.03
6.04
4.78
5.50
5.38
6.12
5.29
5.75
6.00
4.51
4.53
4.11
4.66
4.65
82.66
5.54
4.57
29.79
5.28
4.40
4.26
4.68
4.42
4.92
5.15
5.61
22.81
4.81
5.41
5.22
5.40
81.17
40.69
4.51
4.69
5.34
5.64
5.48
7.78
46.78
4.89
4.62
6.07
4.89
4.65
4.93
5.38
5.34
5.69
5.57
5.47
4.49
4.06
7.38
4.41
4.48
4.51
5.05
4.82
5.30
4.37
5.19
5.00
4.81
4.72
4.65
4.70
4.99
4.58
5.57
4.99
7.51
5.43
5.46
59.64
5.35
5.24
5.27
5.36
5.65
5.53
4.23
4.43
4.83
4.63
4.23
4.82
4.98
5.86
49.97
21.04
4.96
4.86
5.42
4.88
5.70
5.37
5.01
5.11
5.06
5.41
5.19
4.96
4.91
5.40
5.09
5.06
4.56
4.64
4.50
4.51
11.71
5.31
4.66
4.94
4.55
5.05
6.56
5.93
4.86
5.51
5.22
4.94
4.42
4.81
4.58
4.83
39.37
4.46
5.41
5.74
4.98
5.50
5.27
5.25
5.60
5.96
6.19
5.19
5.15
5.70
6.42
7.54
44.94
8.09
4.90
5.68
5.37
6.96
4.73
5.85
4.80
9.18
62.11
4.63
4.86
5.16
5.73
5.61
5.43
43.60
40.99
5.56
6.15
4.05
5.15
51.58
5.43
4.78
4.73
5.30
5.36
46.28
5.40
4.89
11.87
4.92
5.00
5.05
4.43
5.26
8.56
4.70
4.89
5.07
4.87
4.80
4.90
5.15
4.66
4.93
4.45
100.37
5.20
5.62
4.36
43.15
4.38
4.54
5.09
5.06
5.98
5.52
5.93
5.79
5.79
5.63
5.23
6.03
5.99
5.87
4.96
4.90
5.17
4.66
4.84
5.12
4.39
4.76
4.99
4.59
4.70
5.01
4.46
5.25
5.55
5.83
13.00
5.55
5.28
4.77
22.05
4.72
5.44
6.45
5.80
12.49
5.60
5.14
4.87
5.22
4.98
5.17
4.50
4.74
4.80
4.38
4.91
5.15
5.14
5.50
5.70
5.42
5.95
5.63
5.73
5.33
5.04
4.58
98.93
4.99
5.47
5.05
5.32
62.18
25.75
7.50
4.64
4.88
5.95
5.40
51.92
5.30
6.08
5.37
4.63
5.30
5.11
4.76
4.49
4.91
4.84
4.77
4.60
5.30
4.92
4.95
5.17
5.80
5.62
5.35
7.66
45.10
4.68
5.42
5.31
23.64
5.06
4.93
5.66
5.54
5.67
5.12
4.68
4.55
5.05
5.18
4.67
5.17
6.63
4.75
5.64
5.69
6.48
5.68
6.27
5.55
5.40
5.01
4.93
5.91
5.57
5.07
4.66
5.08
5.33
5.08
5.20
4.99
5.55
5.50
5.33
5.57
5.09
5.74
4.82
5.02
5.15
4.94
5.07
4.90
5.35
5.21
5.21
41.48
5.37
5.40
4.98
5.34
5.71
5.13
4.96
5.33
5.93
5.11
5.23
5.49
4.78
5.77
5.67
5.45
4.99
7.73
5.33
5.04
20.06
5.41
4.60
5.56
5.20
5.68
14.67
4.84
4.79
4.90
4.64
5.35
5.34
6.11
4.92
4.95
4.72
5.28
5.92
5.64
21.65
6.30
5.55
5.48
5.51
5.37
5.18
19.31
4.76
6.94
4.94
4.60
4.81
4.49
4.79
5.47
5.19
6.25
5.53
5.42
5.19
4.57
5.43
4.85
5.11
5.31
5.23
5.57
4.97
5.35
4.89
4.77
5.22
4.50
5.17
4.63
12.60
5.08
5.51
6.00
5.04
5.55
5.53
5.02
5.47
5.52
5.17
5.34
4.95
4.95
7.83
4.95
80.93
5.33
4.47
7.67
14.26
4.70
5.16
5.40
4.75
5.09
4.71
4.73
4.63
20.05
4.51
6.98
6.92
4.64
5.18
4.91
6.89
4.37
4.84
5.07
7.28
5.46
5.03
4.70
4.66
4.55
50.58
4.61
19.00
5.46
5.09
5.30
7.74
5.90
5.70
5.56
5.79
5.40
9.64
4.55
5.55
4.78
5.13
5.14
14.77
4.96
4.87
5.42
5.28
5.80
5.31
6.10
5.81
5.91
5.23
5.47
5.22
5.88
4.96
5.20
4.71
4.48
4.92
4.25
5.27
4.91
7.34
5.49
4.68
4.98
4.92
4.72
4.68
5.39
5.08
5.18
43.84
5.01
5.03
5.06
5.53
5.81
5.22
5.63
5.64
5.39
5.23
5.63
5.50
5.54
18.90
18.55
6.44
4.98
4.75
4.44
4.89
5.59
5.01
5.46
5.06
6.66
4.66
5.08
4.33
4.52
5.26
12.31
4.78
5.37
4.95
4.57
5.08
5.46
5.12
6.00
5.69
5.10
6.02
4.98
5.27
5.62
5.57
4.85
4.69
4.62
51.66
22.60
5.09
5.51
4.95
5.16
5.11
4.94
5.32
5.26
5.59
5.75
5.54
5.07
4.62
5.37
5.04
5.69
5.85
14.30
81.76
5.31
5.34
5.22
4.85
4.94
5.16
5.26
5.23
6.88
4.77
81.37
80.91
7.81
4.71
5.45
5.86
5.31
5.40
10.22
4.45
5.11
4.34
4.82
4.92
8.23
5.52
5.24
5.54
5.77
5.84
6.56
5.00
5.55
5.49
5.44
5.05
5.36
4.31
4.56
4.45
4.86
5.31
4.98
5.24
5.11
5.81
5.68
5.57
6.18
5.11
5.14
5.13
5.47
5.56
4.89
5.05
5.53
5.76
5.25
5.33
5.41
5.23
4.89
4.87
4.96
4.93
4.43
4.30
5.44
4.78
5.13
4.65
5.74
5.46
5.46
4.89
5.10
5.52
5.07
4.94
4.67
5.04
4.79
8.51
5.27
6.23
5.67
5.51
8.25
5.91
5.08
5.65
23.02
6.17
4.92
5.22
4.65
5.16
5.11
5.25
4.66
5.40
5.30
4.77
4.96
4.67
5.61
5.62
5.19
6.00
4.90
14.32
5.35
4.60
4.80
5.06
4.94
5.30
4.70
4.79
4.94
5.08
5.83
82.15
4.96
5.23
4.98
4.52
5.02
5.43
4.61
5.49
5.18
5.04
4.58
5.14
4.87
4.80
5.97
5.49
7.59
44.26
5.98
5.55
6.02
6.23
5.94
5.82
5.37
5.24
5.13
8.54
5.46
5.30
4.71
5.05
4.93
4.57
4.83
4.51
13.41
5.17
4.50
3.96
4.66
5.22
4.05
4.60
4.59
4.72
4.68
5.25
5.34
5.43
4.67
7.83
4.61
4.35
4.97
5.43
5.05
5.48
5.12
6.41
5.47
5.51
23.04
5.79
5.77
5.20
13.07
4.53
5.15
5.40
5.24
4.84
6.15
5.69
6.05
59.84
5.05
5.51
5.27
4.72
4.95
5.76
5.31
4.91
4.91
7.42
6.72
4.97
5.98
6.19
5.58
4.59
4.37
4.40
4.81
4.96
5.39
4.38
5.16
5.54
5.72
5.05
4.67
4.40
4.54
4.53
4.33
7.88
5.24
5.85
5.56
4.74
5.11
4.64
5.16
5.27
5.57
59.50
4.80
4.93
4.60
4.36
4.39
4.85
4.87
5.56
5.19
4.43
5.51
5.35
4.85
4.79
44.87
42.65
4.48
5.13
4.22
96.26
4.21
4.62
5.85
4.93
19.42
5.44
5.32
4.97
40.36
4.97
5.02
4.87
5.41
5.38
5.25
27.73
5.39
5.14
4.51
4.13
81.73
5.18
5.28
6.19
4.89
5.49
5.30
4.99
4.78
5.31
4.30
4.59
4.79
5.53
6.04
5.37
5.41
5.16
81.59
4.79
5.72
5.30
4.91
5.91
4.85
5.14
4.51
4.40
5.02
4.93
4.90
5.71
7.39
12.85
5.12
5.36
5.45
4.80
5.06
5.02
4.64
5.14
5.96
5.99
6.37
5.26
4.91
4.40
4.83
4.59
4.31
4.22
4.66
4.80
80.74
5.54
5.25
5.41
5.00
44.97
4.96
4.65
4.78
4.85
4.44
4.56
11.90
5.17
4.61
4.98
4.99
7.25
5.10
4.81
4.15
3.96
4.27
4.15
5.68
5.02
5.01
4.68
4.83
4.46
5.00
5.36
5.70
4.78
5.02
5.07
5.53
5.46
5.23
5.27
5.10
5.37
4.56
4.97
5.29
5.16
5.19
4.62
23.55
4.79
5.21
4.81
5.38
5.75
5.69
6.00
6.32
5.45
5.12
5.64
4.61
5.43
13.56
6.65
