3272.21,13.57
2534.72,-7.28
1761.47,5.58
1179.19,4.00
804.83,15.04
575.67,-12.83
534.54,14.03
448.09,8.12
620.71,1.76
771.40,-15.77
806.68,-12.29
1184.20,-15.79
621.01,-5.80
344.62,-9.50
417.66,-8.12
393.03,-7.10
467.74,-8.41
501.00,-13.67
493.92,11.54
450.56,-7.68
458.58,-4.95
483.02,2.25
595.64,-13.17
1141.09,-12.58
1314.81,-11.58
1259.95,-16.90
1328.13,-28.34
1268.03,-35.74
1232.73,-45.73
1248.72,-55.98
1217.95,-60.23
1432.32,-36.07
1053.99,-17.99
1422.03,-31.96
1142.39,-30.79
861.74,-33.92
982.45,-41.35
1218.20,-55.84
1131.46,-57.35
1423.08,-31.64
806.31,-59.32
1275.53,-28.16
1272.46,-22.66
680.02,-19.29
243.54,-27.24
136.82,-12.73
130.43,-10.96
113.07,-13.15
99.81,-19.11
109.22,-13.33
60.85,1.00
37.20,-38.91
25.82,-12.52
25.12,-19.07
25.13,-22.93
26.31,-3.62
27.02,-16.89
27.74,-14.20
29.59,-21.42
29.68,4.34
30.45,-0.47
27.54,-2.43
30.96,-16.15
29.20,-3.93
27.80,12.38
28.92,19.68
30.83,3.40
31.37,15.28
29.72,29.43
31.88,16.61
27.93,11.32
30.49,29.93
28.24,-17.30
28.17,-1.82
29.34,17.52
30.30,21.18
30.29,7.25
33.44,22.18
30.50,18.71
27.98,23.15
31.61,28.64
33.08,21.98
31.30,18.26
31.67,24.24
32.08,16.17
32.01,27.36
31.68,27.35
30.70,31.60
31.80,20.91
31.39,12.06
30.00,17.89
32.15,16.42
29.98,29.41
34.63,16.57
30.04,15.76
28.66,34.02
31.31,23.04
30.47,27.23
28.86,18.12
32.89,27.48
22.80,23.41
21.60,15.62
20.11,6.90
20.94,-5.48
21.21,-2.67
20.06,9.92
20.48,12.56
20.97,9.24
20.35,14.51
20.44,1.74
20.48,7.49
20.27,4.91
19.84,7.50
20.31,6.71
21.41,5.69
19.92,2.00
18.95,-6.37
19.88,-4.22
19.25,2.34
19.54,-2.19
18.66,-0.64
19.80,-6.16
18.46,-6.79
18.54,2.62
19.61,1.69
18.80,9.25
18.55,-0.31
18.08,6.35
18.60,-1.47
18.26,8.96
18.00,5.09
18.41,6.40
18.21,9.36
17.76,16.43
17.73,17.23
17.93,1.79
16.73,9.87
17.15,10.98
17.47,11.74
17.90,-7.50
16.93,6.95
17.23,15.01
17.60,-1.38
16.92,12.10
16.39,8.33
17.70,10.34
17.46,-3.30
16.46,10.79
17.22,16.15
17.01,6.10
23.70,6.52
23.48,-4.19
22.15,15.50
23.16,15.74
22.37,26.72
21.34,13.84
22.37,13.78
21.01,3.84
21.12,3.42
21.93,7.15
20.58,21.97
21.14,8.03
20.42,15.55
19.43,20.98
20.85,12.23
20.52,15.62
20.69,23.86
20.33,21.39
20.38,21.74
19.97,17.18
19.31,24.48
19.13,26.05
20.20,34.61
18.62,40.89
19.25,41.47
19.48,47.17
19.06,38.57
18.63,39.80
20.28,39.47
19.12,37.48
19.76,29.76
18.77,19.35
19.36,20.74
19.68,20.49
19.31,27.11
18.80,17.01
19.35,27.99
18.68,34.76
19.70,23.87
18.71,28.22
18.54,37.26
18.29,36.43
17.57,29.46
18.32,28.05
18.71,22.81
19.01,32.34
18.38,29.70
17.88,32.37
17.58,28.07
18.36,36.00
21.10,31.53
20.24,45.11
18.02,20.66
17.77,50.01
18.51,37.12
18.73,34.79
17.35,45.20
16.49,43.89
17.68,52.23
17.03,46.24
16.77,50.87
15.59,43.22
15.37,43.25
15.72,47.59
14.58,38.71
14.90,49.43
15.47,48.24
15.10,50.02
15.53,44.84
14.16,48.48
14.50,40.54
14.87,36.86
15.29,37.20
14.39,36.24
14.19,48.76
14.37,35.17
13.10,51.11
13.70,46.35
13.80,48.01
14.12,41.30
13.96,45.44
13.18,40.40
14.15,46.81
13.81,46.98
13.80,50.22
12.72,42.93
13.37,48.24
13.82,41.29
12.99,48.12
12.89,42.28
12.68,52.86
12.79,50.86
12.96,54.45
12.56,50.13
12.72,41.51
13.20,54.77
12.76,54.59
12.54,48.59
12.14,44.39
12.94,50.92
19.73,46.84
18.11,41.91
17.49,36.35
16.82,13.15
17.39,22.86
16.99,54.12
15.98,51.94
16.64,51.46
16.11,48.66
16.13,40.73
15.75,43.93
15.98,44.33
15.22,45.88
15.36,55.80
15.26,49.41
14.04,51.92
14.82,55.77
13.79,51.36
13.86,50.66
13.85,55.25
14.75,44.27
13.96,47.45
13.48,55.22
14.06,42.63
13.51,51.74
13.62,57.46
13.81,59.80
12.70,54.63
12.94,52.22
13.25,56.51
13.12,53.79
12.68,55.97
12.85,56.84
12.78,49.49
13.23,57.11
13.21,54.89
12.96,49.39
12.60,53.37
12.59,59.09
12.20,51.46
12.25,58.52
12.06,46.97
12.09,35.04
12.14,49.60
11.77,55.33
12.15,50.90
12.08,56.54
11.95,55.10
11.35,55.91
11.27,60.13
17.23,55.89
15.95,45.12
14.69,56.37
14.89,52.50
13.86,50.48
15.05,46.61
13.78,49.22
13.44,35.84
14.17,31.89
13.69,44.05
14.05,43.95
13.68,45.15
13.70,55.00
12.68,38.45
13.01,47.93
12.89,53.49
13.90,50.03
12.52,46.38
12.46,48.40
12.95,49.93
12.76,52.77
12.65,44.88
12.11,53.78
12.52,59.81
12.39,50.30
12.30,54.69
11.50,60.78
11.57,60.33
12.20,52.66
12.15,55.76
11.76,60.42
12.23,56.92
11.89,53.50
11.02,51.62
12.04,55.56
11.61,57.05
11.18,58.17
12.07,54.19
11.53,56.90
11.51,54.92
11.61,52.90
10.87,53.01
11.10,52.62
11.35,36.36
10.83,57.17
11.10,58.98
11.39,48.75
10.98,59.22
11.24,60.97
10.62,57.19
16.96,57.04
15.15,57.12
14.52,59.39
14.72,55.55
14.69,53.39
14.33,57.65
13.04,54.15
13.94,54.48
13.42,53.54
13.97,56.65
12.99,58.28
13.12,53.44
12.99,62.27
12.44,60.00
13.31,60.92
12.56,59.42
13.19,58.63
12.63,57.21
12.64,51.52
12.49,53.50
12.18,59.28
12.20,40.91
12.31,53.97
13.06,56.27
12.33,55.01
12.35,52.82
12.35,57.96
11.52,48.08
11.70,57.61
12.17,58.02
12.60,52.30
11.62,53.38
11.63,51.48
11.83,59.68
11.58,53.98
11.58,56.50
12.15,55.04
11.67,56.84
11.92,55.98
12.15,59.19
11.50,62.46
11.40,52.87
11.40,55.51
11.48,62.09
11.58,59.36
11.26,57.31
11.70,53.02
11.18,57.11
11.36,47.97
11.41,56.52
17.74,59.59
16.46,40.36
16.20,56.45
15.76,58.67
15.64,57.43
15.02,59.43
15.19,57.66
14.25,57.32
14.13,57.13
14.48,58.76
14.56,58.89
13.56,57.51
13.72,62.57
14.14,57.64
13.88,61.10
13.93,56.64
14.36,51.07
13.78,54.18
12.62,57.64
13.35,61.56
13.03,58.29
13.97,58.98
13.01,49.87
13.56,58.18
12.57,56.46
13.39,59.03
13.23,59.37
12.48,59.55
13.12,57.40
13.31,58.17
12.93,54.52
13.21,63.27
12.33,62.70
12.83,58.48
12.21,66.04
12.43,63.04
12.62,57.30
13.26,48.43
12.61,56.84
12.50,48.19
13.07,57.20
12.90,58.00
12.83,58.94
12.26,31.83
12.39,59.58
11.76,54.66
11.69,59.27
12.29,53.49
12.15,56.81
11.76,54.80
17.53,59.50
15.97,60.03
15.83,56.49
15.75,56.58
15.35,67.66
15.01,59.51
14.77,51.49
15.05,56.74
14.20,59.38
14.51,54.19
14.50,60.88
13.75,61.94
13.99,59.29
13.80,56.99
14.45,54.51
14.67,56.35
13.78,60.83
13.90,57.64
14.57,54.73
13.77,57.81
12.92,56.37
13.11,58.78
13.84,52.81
13.53,56.22
13.36,58.67
13.33,58.42
13.69,58.15
13.48,64.36
13.99,53.47
13.28,60.82
13.86,58.12
12.42,48.53
13.02,56.34
13.70,55.51
13.43,55.79
13.07,54.01
13.82,59.60
12.87,53.54
13.32,61.79
13.10,54.11
12.22,54.78
12.50,58.10
13.07,59.42
12.50,58.34
12.82,59.60
13.08,62.09
12.42,53.90
12.38,58.34
12.25,59.67
13.35,59.66
17.52,63.79
16.53,60.85
16.28,58.96
15.93,52.96
16.94,59.43
15.91,61.43
15.44,51.57
16.05,52.44
15.40,59.20
14.47,60.47
15.16,62.15
15.16,56.11
14.75,61.12
14.45,63.90
14.34,59.37
14.71,56.76
15.50,54.84
14.49,59.81
13.77,54.28
14.37,62.40
14.77,57.77
14.57,56.13
14.15,50.25
14.65,62.42
14.72,57.51
14.13,47.16
13.80,65.06
13.88,57.20
13.60,59.03
13.72,58.53
14.11,58.72
13.07,58.18
13.72,51.13
14.40,54.06
12.86,60.41
14.72,53.97
13.30,50.61
14.02,57.88
13.87,56.51
13.80,53.60
14.59,60.97
12.85,40.61
13.20,54.61
12.73,53.46
13.45,57.62
13.57,50.77
12.83,58.08
13.40,58.64
13.89,56.30
13.42,55.02
16.66,56.00
17.71,58.85
15.37,51.74
17.10,63.47
15.10,54.85
16.33,58.95
15.85,55.18
15.47,56.60
16.00,58.44
15.64,56.66
14.92,61.66
14.10,58.02
16.07,60.66
15.54,56.13
15.66,59.85
15.97,53.96
16.19,51.68
14.79,55.42
16.14,53.87
15.04,58.41
14.63,55.33
14.51,56.16
14.68,53.40
15.51,58.93
14.22,59.87
14.80,59.57
14.61,51.89
14.36,57.76
13.20,54.80
13.62,57.98
14.70,51.15
13.83,52.34
13.66,53.80
13.92,57.29
14.42,56.25
14.86,49.00
13.93,51.67
13.88,58.59
13.58,49.31
14.84,52.73
13.74,55.79
13.00,48.21
13.94,54.75
13.75,57.75
12.78,53.36
13.42,56.38
14.20,54.29
14.34,54.85
13.50,55.86
13.28,59.16
17.69,56.93
18.21,52.76
15.85,59.74
17.70,65.14
17.53,57.98
16.18,57.31
16.68,55.51
15.38,59.33
16.99,57.15
16.33,52.62
16.70,62.99
16.40,56.21
16.33,61.26
14.72,58.15
15.60,59.24
15.51,51.41
14.89,60.12
15.48,53.02
16.11,52.63
14.80,51.46
14.60,57.41
14.73,49.93
14.84,58.02
16.12,49.26
15.00,55.58
15.48,57.76
13.49,52.55
15.65,55.39
15.39,51.59
15.54,56.31
15.10,55.95
14.44,53.91
15.22,52.35
15.82,51.96
14.51,45.82
14.73,52.54
14.57,42.23
14.21,41.14
15.36,49.75
15.83,56.29
14.22,61.06
14.37,37.10
14.35,56.01
14.44,58.11
14.37,55.90
14.56,50.75
14.64,53.82
13.98,53.76
14.13,52.03
13.92,51.15
18.49,60.57
16.90,51.11
17.91,58.63
19.16,57.90
17.91,60.35
17.02,53.97
16.58,58.48
16.94,60.48
14.36,63.98
15.90,53.61
16.19,59.12
17.22,51.94
16.68,53.99
15.74,58.82
17.05,59.43
17.14,50.41
16.65,61.49
15.32,55.37
16.32,53.60
15.03,51.65
17.58,47.80
15.61,51.86
15.33,54.13
14.35,54.85
16.39,55.46
15.73,54.82
15.01,57.60
15.80,49.07
14.47,54.26
15.74,60.19
15.68,56.64
15.77,57.74
16.08,54.89
16.38,60.13
15.82,49.91
16.69,51.84
15.14,54.16
15.37,46.37
15.67,53.79
16.99,46.71
15.52,46.06
14.80,50.84
14.04,49.37
14.58,53.29
16.99,42.55
14.67,55.03
15.39,50.63
13.66,57.07
14.42,58.01
15.82,55.60
20.30,56.88
18.94,47.94
16.85,49.39
18.79,55.31
18.56,57.07
18.11,51.47
19.30,56.19
17.61,55.10
16.93,61.13
18.03,48.00
17.54,52.16
18.64,59.48
17.63,51.05
18.25,44.93
16.79,52.06
17.88,55.28
15.53,54.50
18.64,56.55
17.10,53.50
18.83,50.78
17.01,50.02
17.58,51.95
16.81,51.57
17.88,46.75
16.91,51.78
17.03,55.33
16.94,57.96
15.23,55.62
16.54,46.55
16.08,50.96
15.35,52.60
16.94,57.64
16.78,59.20
16.79,49.83
18.39,54.99
16.05,51.41
15.60,47.27
15.76,50.52
16.91,62.70
16.59,53.99
17.68,57.36
16.21,56.06
16.55,49.37
16.83,56.07
15.76,46.91
15.24,52.06
16.65,44.86
16.29,49.29
16.66,52.24
16.05,52.69
19.60,54.60
16.55,56.84
18.03,57.87
18.47,49.36
17.40,54.94
18.79,62.38
18.61,54.64
18.26,43.25
17.49,50.36
16.77,52.84
17.60,50.38
18.90,51.94
15.85,43.59
18.61,54.81
16.84,55.33
16.51,52.88
17.07,45.10
17.68,44.07
17.02,45.79
16.07,42.94
16.78,44.14
16.88,45.82
15.90,54.13
15.70,48.62
15.59,40.36
16.36,49.16
16.27,47.19
16.82,45.49
16.55,51.06
16.77,42.34
16.43,57.12
15.32,50.05
15.84,51.80
16.69,48.15
15.24,55.66
16.86,44.75
15.20,39.17
16.73,47.27
13.85,47.60
15.40,40.61
16.15,54.14
16.87,55.58
15.13,51.06
15.80,51.12
14.97,51.04
16.34,44.76
15.35,51.17
15.54,59.76
15.91,47.67
15.49,54.63
17.29,54.65
18.42,45.41
19.16,52.68
16.43,54.70
19.31,48.55
16.12,47.20
16.79,54.08
18.56,49.55
17.80,57.21
16.36,43.24
17.84,50.05
18.37,46.40
17.71,48.32
17.38,43.42
17.14,47.44
18.51,53.34
16.89,54.06
17.96,45.44
16.25,50.01
16.03,40.69
17.67,43.43
15.18,51.45
17.70,52.86
16.65,49.11
15.91,50.12
17.08,56.42
15.70,51.87
17.55,44.47
17.00,47.35
17.98,48.07
17.32,52.71
16.67,57.51
14.78,53.78
16.14,51.92
15.83,51.38
16.16,47.23
15.89,54.83
16.40,48.80
16.42,49.21
16.18,37.89
16.87,52.28
16.11,44.66
15.37,54.22
17.49,55.96
14.69,52.24
15.95,55.33
14.29,54.24
17.14,48.71
17.00,50.42
16.22,54.82
20.07,50.13
19.38,51.51
20.28,50.92
19.04,54.98
18.42,54.80
16.71,47.05
19.16,53.62
18.32,49.76
17.04,50.75
18.71,48.86
18.01,50.71
18.95,45.88
18.70,42.36
18.44,54.89
17.08,47.76
17.01,43.82
17.47,48.47
16.35,40.54
18.19,55.98
16.57,47.23
17.19,48.04
18.98,49.66
18.77,51.18
16.21,53.06
16.22,39.08
19.41,48.30
16.98,43.63
16.90,44.98
14.90,46.36
19.03,53.23
17.44,50.69
18.68,51.00
17.02,49.60
16.10,55.07
17.99,43.64
17.05,37.20
17.41,49.12
16.81,47.71
16.84,45.85
16.17,48.95
16.21,54.80
17.44,49.96
16.38,45.08
16.43,43.74
17.25,43.84
18.37,49.34
16.63,37.87
18.09,42.45
16.88,52.12
15.73,44.41
18.96,51.94
19.87,52.62
17.04,58.92
17.82,49.49
19.54,53.43
18.76,49.13
17.29,39.58
19.13,47.35
18.81,47.74
18.60,46.00
18.84,53.41
18.31,54.41
18.36,51.59
18.13,46.88
16.96,47.82
17.48,50.21
19.86,49.90
16.08,54.38
16.33,56.70
15.90,52.94
17.83,51.13
17.15,47.41
16.63,51.31
17.12,45.85
16.56,48.89
18.16,56.58
18.23,44.74
17.21,43.32
16.64,58.36
17.07,51.19
17.89,48.46
17.17,39.42
17.26,42.29
15.93,51.50
18.91,43.50
16.87,41.66
17.67,54.29
17.49,48.97
16.45,43.65
18.06,48.66
17.29,38.26
15.49,48.10
17.12,47.80
18.44,52.65
17.50,49.24
19.37,52.94
15.83,54.18
17.28,50.22
17.16,53.40
17.14,49.99
19.56,49.55
20.80,48.47
18.49,54.88
21.62,48.40
17.94,55.82
18.60,48.83
18.85,36.10
17.95,43.74
17.34,40.56
17.55,50.82
18.68,43.93
19.21,48.24
18.92,42.65
20.45,29.49
16.22,52.97
18.17,50.75
18.01,38.89
21.31,55.88
18.08,45.66
20.43,41.70
17.61,52.02
18.33,50.92
17.55,45.77
16.91,50.75
16.24,47.10
19.19,51.06
16.83,50.46
15.80,47.90
16.53,52.63
17.02,60.60
17.82,56.46
17.11,48.93
19.11,44.82
17.94,49.33
17.05,52.04
17.36,44.09
19.56,46.74
16.76,38.95
17.33,39.64
17.93,50.92
19.40,37.36
16.88,47.19
17.17,50.20
19.19,48.40
18.98,50.51
19.67,51.43
17.40,50.88
16.94,49.64
17.71,44.93
16.45,47.63
16.37,49.34
19.65,58.83
19.37,51.89
18.03,47.71
16.77,50.20
19.04,46.33
16.78,37.77
20.27,37.25
17.05,42.65
20.46,40.35
19.10,28.29
19.47,41.62
16.69,52.01
16.50,45.50
18.66,37.62
18.37,47.09
19.18,53.27
19.08,28.56
17.70,44.30
21.40,52.74
17.31,42.71
19.19,30.59
18.28,41.50
19.25,40.11
17.51,48.07
17.93,53.69
16.85,49.14
15.78,40.26
17.01,41.60
19.13,47.55
18.55,56.65
16.50,36.66
16.62,54.40
18.96,53.29
16.71,41.95
17.63,37.48
17.11,49.03
18.21,52.85
17.67,34.09
18.04,21.78
20.81,38.71
15.83,37.05
17.56,35.31
16.71,46.28
18.29,43.85
16.31,38.06
20.03,45.83
18.06,50.19
16.66,46.09
16.52,43.45
17.47,35.10
20.72,41.12
20.08,7.60
19.37,38.06
18.68,32.94
20.63,47.00
17.40,27.88
17.64,44.93
18.70,43.75
19.80,35.57
19.36,26.42
19.86,33.03
16.69,37.33
17.90,47.52
18.22,47.18
17.73,45.41
19.86,39.99
15.26,42.58
18.28,49.22
18.28,41.85
19.42,24.65
18.70,45.10
21.36,50.19
17.65,48.96
18.17,43.51
17.64,45.88
19.49,45.44
18.05,51.52
17.48,42.94
17.90,42.24
17.19,41.57
17.64,46.58
21.13,44.80
17.97,45.75
17.68,45.71
18.94,36.42
17.14,46.23
16.00,33.46
16.82,40.92
18.54,56.51
19.44,44.78
21.77,51.61
15.86,50.47
16.64,56.22
17.85,48.95
19.24,42.28
19.01,46.17
16.00,53.20
18.85,48.55
16.72,41.60
20.22,53.51
21.66,39.56
21.28,30.23
20.69,53.92
19.63,43.69
19.00,41.13
19.14,37.78
19.29,46.46
20.03,53.91
21.96,41.02
21.70,24.59
19.29,35.96
19.00,49.11
16.93,37.56
17.36,44.04
20.37,47.68
18.90,47.44
18.75,42.91
18.25,45.52
18.63,44.76
19.86,38.21
17.64,42.73
18.35,40.79
17.33,38.45
16.84,40.53
19.49,55.26
19.92,38.67
19.65,48.66
17.08,43.29
18.96,45.86
19.27,42.41
18.53,36.98
20.05,37.44
18.23,41.91
18.49,43.99
17.01,39.57
20.88,45.62
17.11,38.11
16.96,53.16
17.88,51.96
18.03,48.14
18.82,45.34
18.21,50.43
16.94,48.89
18.43,47.02
17.74,46.74
17.63,43.28
17.22,45.39
18.38,49.41
17.44,43.72
18.60,52.88
20.88,46.11
20.31,40.60
18.70,45.30
18.80,45.12
19.22,48.77
18.22,44.80
19.38,55.72
21.27,52.79
17.91,43.24
18.44,41.87
18.76,50.48
18.69,38.40
19.30,42.18
18.71,44.48
23.89,42.02
19.52,36.89
22.24,46.12
18.78,47.09
17.46,40.38
21.34,49.60
17.85,39.66
18.47,46.02
17.39,49.51
19.55,52.20
17.66,53.32
20.39,52.33
19.17,45.43
18.14,35.80
19.83,45.07
17.18,44.63
18.44,54.10
19.95,51.49
18.77,54.70
16.36,53.02
18.21,44.14
18.73,51.49
17.19,47.80
18.46,50.56
21.49,48.69
18.53,54.29
18.08,44.14
17.71,46.91
19.35,45.19
21.79,47.36
18.26,51.22
17.08,58.30
17.90,52.83
18.10,53.86
18.10,41.27
20.60,50.70
19.00,46.60
19.51,46.45
18.38,44.54
20.63,49.90
17.32,40.60
20.01,49.73
16.78,51.85
18.81,55.07
21.55,50.08
20.78,29.09
16.44,45.05
18.49,44.11
19.25,42.09
20.42,46.70
21.96,44.05
17.84,40.86
19.70,52.99
21.14,49.52
18.55,34.60
18.52,48.85
21.43,37.35
18.98,45.68
19.03,46.50
19.59,39.70
21.17,47.67
18.49,44.47
18.39,41.63
19.01,45.02
20.18,44.43
19.46,47.83
17.64,44.65
21.06,42.56
18.48,47.65
18.92,41.50
16.75,45.10
18.17,54.07
19.19,43.96
19.45,51.96
19.27,52.10
20.88,44.30
16.82,47.23
16.88,37.33
18.55,45.12
19.39,43.15
20.21,49.52
19.93,45.27
19.81,45.10
17.35,45.22
18.01,37.81
21.06,55.96
20.18,37.93
19.03,55.69
22.77,42.75
21.83,45.55
21.64,43.61
17.91,44.02
19.65,43.63
17.92,48.95
17.43,42.04
20.76,48.61
20.42,46.10
17.82,54.77
18.94,50.45
19.42,39.23
21.74,43.95
19.47,46.05
19.52,51.86
21.04,47.72
20.17,42.27
16.25,56.68
17.15,48.95
20.88,43.27
20.11,55.03
21.07,41.61
19.99,39.68
18.16,48.00
16.89,51.51
17.81,46.13
20.19,53.10
18.74,43.15
20.50,47.87
21.33,45.98
16.97,49.26
20.01,50.47
17.62,53.78
16.80,50.30
20.23,35.76
23.32,49.85
17.57,29.90
19.26,42.28
18.85,48.98
18.81,20.42
18.31,48.68
18.41,48.08
18.70,42.69
18.68,37.98
21.33,57.22
19.19,46.68
20.32,37.60
19.54,44.59
17.86,45.65
24.63,47.26
18.47,49.75
17.42,53.03
19.34,46.75
19.67,54.99
18.26,49.58
24.43,30.53
19.75,49.07
18.54,53.54
21.20,40.66
18.66,43.13
20.73,50.01
21.61,59.75
18.08,54.08
18.48,48.61
19.51,55.31
18.29,28.31
20.95,40.59
20.61,41.66
17.54,52.95
18.74,49.16
19.94,51.20
16.39,42.49
21.87,46.45
20.12,53.80
17.39,44.42
21.21,47.41
19.20,28.50
16.97,50.32
17.81,45.35
18.56,42.99
19.34,34.91
21.03,49.78
20.79,46.48
19.01,53.55
17.47,51.48
18.91,43.92
18.94,41.65
19.30,44.05
19.84,49.26
18.52,52.75
20.55,47.36
18.80,33.85
19.20,48.84
19.29,50.18
19.25,37.13
16.32,34.65
18.95,35.66
20.57,35.75
18.64,47.04
21.10,46.94
18.55,53.73
21.47,46.13
21.88,44.75
21.56,44.82
19.68,43.98
22.40,31.04
19.44,43.81
17.88,48.79
23.20,43.93
18.28,48.93
20.23,49.20
20.05,43.43
21.60,45.36
18.41,47.40
21.27,43.78
16.35,48.23
21.41,54.75
23.64,48.24
18.52,42.88
18.79,44.59
18.96,32.35
21.19,47.94
17.49,36.60
20.69,46.73
22.40,47.47
20.28,46.59
17.63,53.11
17.64,50.42
21.78,49.12
22.65,35.95
21.26,41.16
18.06,42.68
19.66,48.87
19.92,53.56
18.30,54.30
18.32,32.14
18.74,42.71
17.98,48.37
19.76,50.63
21.14,59.63
19.97,51.73
17.73,36.66
18.68,42.08
20.13,36.63
21.73,51.66
17.29,12.51
19.84,54.74
20.48,49.50
18.93,48.67
19.43,54.99
18.31,42.57
19.10,43.23
20.12,50.87
19.85,55.25
20.19,56.64
20.51,51.34
19.94,49.49
18.82,52.62
18.44,48.01
17.54,50.05
18.93,37.11
18.57,40.95
22.24,40.71
17.30,29.34
17.74,51.13
21.43,49.91
21.83,48.80
19.26,46.28
18.40,50.27
18.84,47.53
20.23,41.71
18.46,36.44
20.56,53.20
20.54,50.58
17.81,39.55
17.38,50.43
19.11,40.36
21.39,48.70
19.23,47.70
17.95,53.53
21.73,20.77
17.64,52.98
21.14,48.11
18.39,53.63
20.09,47.81
17.96,47.75
20.40,48.14
19.84,51.22
20.78,31.89
20.14,48.38
18.75,48.59
19.25,35.55
18.96,38.57
16.98,47.95
23.38,47.26
20.21,45.16
17.80,53.35
19.14,39.30
21.14,30.21
23.46,49.98
20.93,34.42
18.85,54.55
20.13,51.92
18.30,54.82
20.54,39.32
21.47,49.26
19.69,48.61
21.34,53.69
18.04,56.43
20.67,53.39
19.43,44.07
19.33,53.70
21.74,54.39
21.10,45.10
20.17,38.28
20.22,54.51
19.42,31.89
18.60,49.07
21.44,50.71
19.83,50.80
18.32,34.55
17.36,44.65
21.92,48.92
23.46,50.33
21.23,45.12
22.19,48.40
18.78,45.25
20.36,39.67
19.94,35.78
19.83,49.46
15.85,42.00
19.39,44.67
23.23,44.64
18.07,53.13
16.67,40.53
19.74,44.59
18.40,40.77
16.22,56.78
17.50,51.15
17.97,48.12
18.10,55.94
21.64,43.32
20.66,51.97
19.16,31.77
18.33,35.22
16.76,52.58
20.09,51.85
18.17,49.04
18.75,39.28
20.19,55.33
18.38,51.93
17.98,40.36
19.60,42.07
18.27,38.77
19.65,22.40
22.78,39.00
24.26,54.28
22.99,52.68
20.29,49.24
19.81,56.09
21.34,50.32
17.72,49.68
18.64,52.77
18.11,48.99
19.59,48.16
22.13,56.33
20.08,51.54
21.02,50.74
19.17,53.68
18.79,47.02
18.51,37.33
18.45,44.13
21.33,54.07
18.80,59.99
21.69,49.99
19.23,55.54
15.26,46.25
19.60,52.50
16.70,48.87
17.50,53.51
21.16,49.46
20.09,42.29
20.06,49.82
18.38,47.73
19.24,35.03
22.14,52.06
19.91,51.01
20.69,50.19
17.54,33.57
19.24,53.46
20.42,37.00
18.70,38.34
18.00,53.72
20.02,58.17
19.93,50.03
18.67,56.82
22.15,49.26
18.56,23.77
20.47,44.42
19.34,38.54
20.33,52.48
17.77,46.60
20.16,44.05
18.56,41.90
20.11,45.52
20.18,48.25
21.66,52.68
21.75,46.85
20.09,48.54
22.04,38.77
17.28,47.54
18.12,46.32
20.43,49.88
18.41,45.99
19.18,46.75
21.14,55.11
18.74,54.14
18.42,51.41
19.44,51.98
19.58,41.80
19.94,44.40
22.21,41.10
18.61,41.34
24.56,49.76
17.29,50.81
17.05,56.39
18.60,49.05
17.62,54.72
18.39,56.03
21.25,51.19
19.39,49.12
21.54,36.26
21.25,51.42
18.34,52.92
18.08,48.81
18.02,59.38
19.86,45.16
18.66,47.19
16.98,54.30
18.61,36.54
17.85,54.33
19.69,56.50
18.62,17.33
20.21,49.19
17.10,60.78
18.44,50.41
20.22,50.35
18.89,51.96
17.95,41.43
18.15,43.70
19.07,54.77
17.73,46.35
20.58,54.33
22.01,45.51
22.90,56.30
19.01,49.46
23.10,58.58
17.65,51.92
18.32,49.80
18.90,52.98
17.74,56.61
18.21,53.50
21.03,49.15
20.34,51.77
20.11,51.89
17.83,49.48
19.54,52.61
20.97,26.79
18.58,42.44
19.73,58.69
21.81,50.92
16.87,57.39
16.97,57.85
20.03,50.60
26.36,56.82
17.61,53.72
16.60,50.28
16.54,53.89
19.18,47.32
19.60,51.15
19.70,53.10
20.91,56.92
21.46,42.84
17.62,51.10
18.11,51.41
20.86,39.55
17.22,50.64
22.20,47.69
19.61,46.57
18.11,47.47
20.82,50.17
20.99,45.77
18.09,48.26
17.66,49.33
20.42,45.11
19.22,53.11
15.61,45.71
19.53,50.66
19.02,58.59
23.34,51.68
19.87,36.50
19.62,52.85
24.91,52.90
19.33,53.22
18.68,57.17
20.27,49.58
21.86,43.08
20.36,34.96
17.74,48.45
19.40,54.72
17.91,42.86
19.83,54.28
22.54,44.27
19.67,40.93
19.61,57.14
21.58,52.03
18.25,47.87
19.47,60.73
19.03,50.88
20.74,51.54
20.10,49.77
21.24,56.53
19.63,57.27
20.38,53.74
19.32,50.19
19.73,45.60
20.46,53.32
17.41,48.54
18.79,56.27
23.05,44.80
18.98,53.09
18.98,42.17
19.02,51.45
18.09,50.27
20.11,52.57
22.32,46.10
25.04,49.34
20.32,51.76
20.39,42.91
16.89,45.72
18.24,44.55
18.87,53.57
18.10,51.81
20.12,45.29
22.06,53.15
18.94,46.82
16.73,52.36
21.13,55.13
18.64,57.13
20.74,51.02
17.19,50.40
19.71,45.21
23.88,50.51
19.83,52.42
17.50,47.51
20.54,54.13
22.01,46.41
20.24,52.01
21.50,40.55
16.91,50.91
21.55,41.73
19.04,56.20
17.95,54.70
19.73,57.42
18.50,53.37
20.57,52.77
18.98,46.26
19.90,47.43
20.48,47.93
18.26,51.20
19.88,50.95
18.94,50.73
17.43,52.01
18.67,48.28
20.72,53.69
18.85,52.31
17.31,56.61
19.34,52.68
19.84,48.14
19.47,47.39
19.01,54.10
19.49,53.35
19.38,51.01
17.18,52.58
16.97,50.98
18.98,55.86
20.64,55.80
17.31,48.49
18.08,52.74
19.70,39.78
15.64,51.50
18.50,57.50
21.13,44.65
18.33,51.10
23.02,50.24
16.87,55.71
17.53,50.33
18.26,42.68
15.11,49.78
22.39,51.33
17.19,53.13
23.55,55.79
18.59,56.61
16.41,54.80
19.93,53.44
22.18,52.17
19.33,46.04
18.66,46.75
22.22,52.49
20.62,45.65
20.60,51.74
20.49,51.67
19.87,27.32
17.19,54.14
17.61,51.82
21.29,51.87
20.11,35.59
18.78,39.79
16.99,55.71
20.12,56.07
18.06,42.33
20.89,56.86
18.20,53.24
20.55,55.57
20.03,56.95
16.56,53.98
18.04,55.81
17.52,57.04
17.22,39.38
18.01,46.92
22.08,44.19
18.19,26.70
20.43,51.56
19.81,45.96
19.51,48.55
21.37,52.41
17.29,41.04
20.25,55.82
20.56,48.77
19.38,56.51
20.19,54.39
20.93,54.27
17.23,49.60
17.45,48.90
20.78,52.54
21.73,38.42
18.11,51.31
18.14,54.70
20.61,49.18
17.70,50.91
16.33,54.66
19.98,53.03
20.15,56.47
18.83,35.29
20.86,54.81
19.73,51.80
19.68,53.05
16.45,62.08
20.07,48.81
21.08,49.22
17.65,54.21
19.21,58.17
17.33,55.87
16.84,52.40
19.53,49.25
18.19,46.85
19.47,55.10
19.01,55.83
20.50,57.37
18.84,53.95
21.80,50.07
18.83,54.01
19.36,45.08
21.83,51.11
19.08,54.00
21.00,45.98
22.61,54.81
19.73,50.42
19.15,49.42
22.09,38.11
17.81,47.80
17.64,51.43
18.86,55.09
20.79,56.12
18.95,51.00
22.44,55.74
20.19,58.61
18.27,47.84
19.53,52.61
18.59,54.81
19.66,48.69
17.28,51.43
19.89,49.44
17.15,50.25
21.88,52.98
19.44,44.51
18.29,57.38
19.44,51.84
21.50,43.58
20.04,43.27
16.28,47.88
22.05,47.25
17.57,52.02
18.31,57.59
19.11,56.80
19.61,55.65
18.34,45.78
18.66,48.22
19.77,53.55
21.01,48.87
21.38,45.15
19.90,45.63
16.81,44.92
17.76,42.79
15.74,41.98
20.24,53.33
22.71,53.96
19.21,43.75
18.71,28.92
19.71,43.87
20.40,46.88
17.45,45.29
20.00,38.63
19.65,53.39
19.26,46.31
17.92,25.66
18.43,60.26
20.20,46.73
17.63,53.58
19.36,51.50
18.18,46.32
19.41,49.10
18.41,52.31
17.65,44.07
18.64,35.34
19.77,48.38
18.03,49.00
23.13,44.64
19.73,49.88
16.96,44.92
19.99,50.09
19.32,54.12
17.64,48.42
17.99,55.68
17.56,49.32
18.49,33.36
15.43,41.90
20.65,51.89
23.92,50.71
21.91,55.75
18.92,49.03
19.70,50.90
19.30,47.97
18.13,43.92
19.73,55.55
16.96,47.04
17.47,52.95
19.38,55.62
17.50,59.55
18.65,52.01
16.02,46.38
19.27,54.74
18.39,53.52
19.41,49.93
21.46,55.52
17.70,46.38
20.46,56.01
19.71,55.56
19.13,50.79
18.18,50.51
19.24,42.24
18.86,43.32
18.12,44.70
21.25,56.95
20.17,52.31
21.03,51.96
18.94,48.87
17.24,57.76
23.00,50.13
18.51,51.32
20.31,55.07
18.02,51.31
22.14,49.51
18.54,44.68
16.03,47.25
19.20,51.73
18.56,36.21
19.33,45.69
20.87,51.50
22.10,49.21
15.54,46.58
18.10,50.25
17.66,43.65
20.54,57.99
20.22,48.02
20.25,52.77
17.32,51.45
20.76,46.86
20.80,37.97
16.62,43.36
17.47,49.13
18.74,47.73
19.30,41.67
19.33,49.40
17.77,45.60
18.20,47.58
17.69,46.60
17.74,49.07
19.92,56.59
17.43,56.37
18.48,50.64
17.33,43.47
18.75,51.65
17.30,59.52
18.75,56.45
20.09,51.99
20.94,43.15
18.90,44.67
21.66,38.34
19.33,55.40
20.21,57.03
16.82,50.81
17.43,56.70
18.54,48.90
20.39,53.85
16.77,57.03
17.82,48.12
19.15,50.83
20.95,47.23
17.27,47.66
21.65,53.55
17.96,46.88
18.83,47.39
18.39,54.13
15.47,42.11
18.42,50.82
17.85,53.47
17.34,47.45
16.06,43.27
19.14,55.16
16.89,47.39
18.57,47.43
17.34,48.19
16.21,52.44
17.89,48.89
19.50,47.51
16.48,58.09
